,City_0,City_1,City_2,City_3,City_4,City_5,City_6,City_7,City_8,City_9,City_10,City_11,City_12,City_13,City_14,City_15,City_16,City_17,City_18,City_19,City_20,City_21,City_22,City_23,City_24,City_25,City_26,City_27,City_28,City_29,City_30,City_31,City_32,City_33,City_34,City_35,City_36,City_37,City_38,City_39,City_40,City_41,City_42,City_43,City_44,City_45,City_46,City_47,City_48,City_49,City_50,City_51,City_52,City_53,City_54,City_55,City_56,City_57,City_58,City_59,City_60,City_61,City_62,City_63,City_64,City_65,City_66,City_67,City_68,City_69,City_70,City_71,City_72,City_73,City_74,City_75,City_76,City_77,City_78,City_79,City_80,City_81,City_82,City_83,City_84,City_85,City_86,City_87,City_88,City_89,City_90,City_91,City_92,City_93,City_94,City_95,City_96,City_97,City_98,City_99
City_0,0.0,69.90035742671877,20.159140454911437,86.11722264125272,27.909795980553188,43.63170712350009,54.28294281140922,79.15193309641563,63.26201801932149,11.634279159741348,74.2775223104196,70.05563163740871,34.31183846516239,47.997672330382116,35.14032962769908,15.28260819321626,59.16187892071208,8.29521546282524,68.81922583814337,53.7989594853583,57.17948019540148,60.050379360227055,32.734604938613735,10.218446546572286,17.898659672300372,48.619643033394205,10.165727078524851,76.74917305001541,24.17083617011197,31.597484290564577,25.554776241180708,65.67905481936234,66.28285865226646,4.68230975843323,12.446295627568773,43.69131712612474,11.156233232405533,22.765322342255438,44.86488583218474,57.837614171942576,76.53860719665389,64.62624263053942,41.78560120727002,48.56760355917548,46.43126670042789,17.123589156714768,33.27306293735941,33.466987694962654,29.634682463068735,22.59689542257465,35.21097329310167,23.454100653219253,83.00491448083812,6.084539539856975,76.72084677097068,61.274642590781625,46.63629666578623,56.31554810509401,27.95137616531549,62.56743673148632,37.069268265912434,47.154580650756564,70.14285118274921,42.255593757294406,44.607451819876985,75.33794659469065,43.903148090393515,32.56513211603468,36.43198751496625,41.06826110928115,15.459440013547258,84.30263767882501,13.914805119062185,30.83348987161078,69.8406691201014,68.24109707170355,25.512520859984612,56.736132467145964,23.10550147842736,27.567095113305665,3.6015791441953757,83.90429019108596,57.52414679665958,36.283073786994635,17.164447154697466,57.436868617154474,27.7457592109705,27.091866159599917,44.031469520916254,71.56380544997891,77.51231840638404,26.027531399308952,6.185619056521557,81.96435978364686,70.64526949059787,63.62573296586332,51.92310383012124,13.893893051996528,12.026639694826653,67.19284236374303
City_1,69.90035742671877,0.0,85.94833649653276,50.4313083989053,97.79127276532964,39.1643645172468,76.1899407141584,40.653383594353755,20.054594242409113,61.47337070427682,108.17918211902426,102.59818628685647,44.16057471063264,89.34955879483445,71.50879783370505,58.5253573846542,89.00123062265243,76.27670792444276,18.024939526935505,51.01445601198974,65.14012451190203,65.34701651171552,38.62955549425607,63.257514664061645,77.76092257817749,78.84521090694636,72.2240854980263,36.2550884514961,87.7914106661092,100.13881471939646,51.43288887767037,37.011993241442845,18.224420893147144,72.20137970475537,58.332402876799186,43.2498743983005,73.8617705686238,92.10443928963662,74.0188019141159,94.52840002561582,54.50354777426216,18.935018184113936,87.93548910461834,41.593563614546646,71.85297566272486,66.36248972378188,36.65823036786024,90.00518564599723,63.431514024593845,55.40990049351395,41.362548966894366,65.29590331334279,51.52519321041682,64.33002092658079,48.722253935907496,9.995861196271573,29.719876823085624,39.64096688783881,54.77218388096746,49.85335634197996,81.87097685924678,97.46728199683048,15.425511733678992,82.2098845842332,26.479765455881136,65.19706367750821,51.18100855739996,70.46879935431024,63.6778446040286,37.58301532134481,64.65646405709259,67.05841404028807,82.79123700720815,87.17705727934074,17.33919279717968,82.15353064486784,47.49821586908878,56.37015478541913,60.09412649941464,97.0776163284514,69.95938283198326,61.31675912538851,80.20495880464375,34.25336840835117,83.7257124243149,92.75679384557625,95.7441145792215,45.69451201354659,78.35187546995844,84.25196994619843,67.40440713072991,89.01534501822765,76.05992508136133,72.03465181196582,26.8140376995312,38.00037648587245,19.53354087040721,63.092424004471646,78.1869707989636,17.924160339641798
City_2,20.159140454911437,85.94833649653276,0.0,106.18246100056231,19.558337622783124,63.513662196503425,72.10169665329308,99.00861999508487,75.80753941987939,31.789783530036885,87.36571510900986,83.91378016722163,44.60022568965153,61.85195469961406,52.77204296161412,27.423411835717978,74.82961430730883,20.96582542354506,87.25158666747966,73.91285407006727,76.54726156934423,79.4823800777487,47.34822282452174,30.35939333688991,31.644537681318273,65.4825608128232,27.05146209561316,96.44236818621155,4.7395480588135666,14.87108390117697,45.650345909403626,85.57936814063294,79.07322460745975,15.848672312511301,32.024474466716065,63.78175426998701,26.9048423577305,10.450288449521896,62.46916251779296,71.79663464252032,96.69287755757534,77.33914390338558,54.985885079256974,56.419097454870936,64.52773804964536,20.707564282924846,49.820272582411675,43.411812259679834,30.53452927058853,31.675422477900824,54.887007862402406,42.41034496497724,103.12827883952961,23.415459542125415,96.84972137423463,78.22504252798576,65.63263021566242,64.0868403128962,48.06661115937753,82.71915161217487,51.78680379804571,57.47143467662177,88.26985561344699,57.55838857615149,62.35594614391208,95.19402572803676,64.01168262206686,50.34748388674121,55.55577546629522,60.70210501061589,21.743973345467186,104.28245654268244,8.11784531922533,41.690748353732126,82.75662031622078,86.1515463400943,38.6085726369794,76.68657809011714,42.94553873861289,14.481485040184346,22.74898994097525,104.02604416018204,74.88044148106428,51.70548820760783,3.0429304858079647,71.85257462519544,27.234667296024533,46.48948431990716,60.60082251330935,89.43297602444095,97.31362330841195,6.601528311222138,16.61619422240497,101.64430473595547,81.52693599791208,83.58115240667398,69.4485741077607,33.82262277577777,23.816293645640407,85.6280213833493
City_3,86.11722264125272,50.4313083989053,106.18246100056231,0.0,109.38707883724027,42.86909716795677,55.332940852634046,10.000190784256391,68.85579070221877,74.52161319880109,82.45109003964622,77.51983668760995,79.16074069782722,75.53274065711281,64.62171635010395,83.04558779399613,67.03871030452873,88.25197414261596,32.8954145840215,34.698338688174324,41.82483160103527,39.634074283101114,68.92754528825732,76.08692061645449,82.91736429726566,62.459486933752785,82.06060182924874,14.401434847662932,109.82537782532958,116.86457110768757,60.562465329880276,21.22321851949557,67.92283605827768,90.3360040172157,74.2435591956196,42.428354451926445,83.10603858595293,107.65942307674707,60.026286460980685,75.18854154600311,14.365148757809177,68.17543350079966,78.24419053071666,84.41074688828377,56.682032326199675,92.56988692197274,63.1267716955191,87.23480031218486,96.27258904709522,84.5305592093462,51.7336550312378,67.72048000297472,4.647509281256843,83.10452732076492,10.102960080618345,46.52872394273811,43.79668967345603,85.61462046897108,58.935835853185004,25.646185303470546,74.21012884521332,87.14519702847147,35.101412888559565,70.9007926651205,51.08415621780082,26.568157326751688,43.84300588736002,65.49661341590225,57.0927674431756,46.19018890591461,90.07948189639923,21.81162086126289,99.78400841542901,85.37954029066478,67.66205777092725,51.97942460405864,76.1572387874402,35.07172287146858,64.90721989615305,111.7943246530365,84.03088455523901,15.027561444881027,57.48325775450052,64.70432562828344,103.23787947845352,73.13025528159064,102.48323248228137,60.3025107673233,65.24252248871066,52.21311727912718,27.338478197492265,111.57353601682473,90.85372419635937,29.626417221325315,77.00290589894743,22.869812402194366,47.52418060287423,73.18805127994689,87.82758652963881,33.558628448984756
City_4,27.909795980553188,97.79127276532964,19.558337622783124,109.38707883724027,0.0,68.74244342597547,66.38880951004124,103.60654454724157,90.60557745766341,37.30542448036893,74.82507158478916,72.28357378451335,60.3314887793063,51.48279447514028,48.292247839201785,41.36444860869986,65.73537749524571,22.13504222402259,95.81622938095062,75.12670411362802,74.08109791801195,77.09144966867814,60.40820733572212,35.496034482448934,26.891836955858295,58.637506369446285,27.70225476773632,101.7642469523614,22.68946168356313,12.295556954545745,50.49696519158811,90.18183869642344,93.71955309030673,26.253620217751998,39.714077243083985,67.74580164425474,26.45617648902816,9.11207690061143,57.02809213259778,60.85452097343233,98.03216806983706,92.03068459908522,44.56836279047485,73.52851288433149,59.80362537538649,37.693206210067494,61.18171275466506,31.475434318008762,49.161385381398055,47.48377377475676,61.172847991018855,41.75669770797509,105.7476886415283,33.68545503104342,99.4950689907373,89.04479019751298,73.3622110102863,81.33398803778523,50.74099575861726,84.30747668057985,43.437649387747115,44.07187812963673,97.35725820877002,49.26714036810203,72.22683785122058,93.94609624937097,65.58679607305217,46.40508688188782,53.73216987822977,66.93464005581986,37.79568152314198,103.5286131632617,16.687730945022626,30.952380492150134,97.33084450672837,79.94865673451068,52.56316691906166,76.52165857265585,44.584748006471365,6.711219977624531,28.0190088988255,104.54745958131541,68.22515741990598,64.13311076703376,19.256923727891753,61.41361619684577,10.935517877730875,53.8341503589735,53.712696588486665,83.03314940794384,95.7496398692252,23.727266100615765,21.73502740018513,99.45479631386671,97.4012754210231,87.93036211278923,79.56949653396971,37.17992016451154,21.66658079551382,94.20139226758509
City_5,43.63170712350009,39.1643645172468,63.513662196503425,42.86909716795677,68.74244342597547,0.0,37.99012082902536,35.522242530842206,46.16027732038856,32.22326853628889,69.68764895969673,64.12369142150084,40.62656155079328,50.236127600325766,32.766614929112755,40.47467636849818,50.378363357561796,46.814047973504096,29.246643778311675,16.88673375328716,29.33989454759207,30.667563970878298,29.84705002243174,33.906974101591175,43.925759654222084,39.79634667656251,41.045217163454154,33.20342670540189,67.03271744920973,74.93851662760443,18.349505978316625,22.066832178463653,47.41734108089527,47.677911792081765,31.492893406207884,4.400129470378969,42.35620213494681,65.82727016525145,34.89351762497695,55.46356737983069,35.379644642466566,46.54059006682862,49.23811112983563,50.507539653400386,32.875492307622736,49.973822245801244,23.58339711643973,53.15325723007093,55.10518807568432,42.8958856738049,8.908208017637564,29.209259366499808,40.19182095387758,40.28229929512498,34.051571651898456,29.247236974198835,9.788699352353321,54.773995822605016,18.595589217599677,22.464211258638887,43.363154348410895,58.87938054272719,31.58288443028093,43.184871015548055,17.200529672669216,38.91124308789825,12.48782696208968,32.06997230928087,24.673097498735597,4.193321647685168,47.43866668656729,45.80461732509764,57.48232218206019,50.563851465526916,49.530636776563135,46.566676313888685,35.116022501364405,22.44123758000467,24.840384473962065,70.26162598747159,41.8888384283824,43.406800501912976,42.18331437778252,26.91470456247969,60.614921833606935,53.73893258308281,63.558773585072274,17.460393799834833,39.190227825998235,49.277366345711236,41.4102321184466,68.75931452534154,48.77260907002952,46.51776921386217,56.03861926248235,20.09092896887946,20.878417135659397,31.59941247852223,47.14946492253206,27.789508441921374
City_6,54.28294281140922,76.1899407141584,72.10169665329308,55.332940852634046,66.38880951004124,37.99012082902536,0.0,54.70397403617451,83.97679106164964,45.151737843978744,31.996154173859818,26.417146411980102,71.53542244149514,20.709255162758463,19.345347659218483,61.664461773756436,13.063491003666408,51.138088191545435,62.46215766177252,26.16001153744777,13.700207056647947,15.69959518052265,61.976745555288424,45.54553886151261,40.95856142292269,8.288523046833147,45.24588403348127,55.567794859452164,76.74827843627989,77.14262940164956,37.833378664350356,45.23942911099753,85.36599413708441,58.866571961679604,48.19697338820872,33.60760890204308,45.219764785906214,68.60619795852817,9.64441132055354,20.251410666402982,41.10086407199833,84.43682840905839,25.055765948673006,84.41012357624028,7.937531610067289,69.09314642028158,56.54759368532129,37.022538389042445,79.2277030383287,67.63004291784367,40.51231668901369,31.015367356343386,50.74797299657859,55.37576881713821,45.79884073388644,66.59245742724062,47.75021071536734,90.06459647489126,32.20906742315315,31.968170179627194,23.423827528222237,32.69040717601283,65.38073747149747,18.16505635679253,54.787385705484844,31.667908910335306,25.502296628579266,21.833441304146863,19.333196413913697,40.973187316581765,66.66564192939941,41.138880101030765,64.06768107767166,36.32643357823854,87.52075670599618,14.052404552819457,62.95713578683805,22.176914640211677,33.20212376848061,71.13292897706529,50.811968073804564,44.61753310514968,4.263363748697645,60.94000062176839,69.15920011883146,18.214276668727013,56.66785243681034,43.868715332778464,12.856059417454231,17.348387045728842,32.65579051139154,78.65260889778895,55.69230083957001,35.0493757653167,93.831704962431,43.01699231239963,58.82981858869508,41.38769638640836,48.50950158443631,61.44299002704826
City_7,79.15193309641563,40.653383594353755,99.00861999508487,10.000190784256391,103.60654454724157,35.522242530842206,54.70397403617451,0.0,58.87317230590965,67.69774213659048,84.0266025017571,78.81235420986657,69.8429623309546,73.95559482216568,61.053343970769134,74.88437534181232,67.20216985199353,81.9944485452468,22.94936448626159,30.945246928149118,41.01567388938459,39.3978384724853,59.817450024294146,69.34936698430118,77.67252020039473,61.00706307073212,75.98644149043734,4.426649220255232,102.44438899989254,110.36501524203699,53.74285804010879,13.495689744136813,57.98341619563801,83.18598173320589,66.98525348222229,35.891938057570194,77.1602705990064,101.21292964121517,57.86683071243707,74.93718008611619,17.20339834978815,58.20954956885648,75.81589320398162,74.59450206260054,54.63618474850854,84.38223868288028,54.19763787444971,83.61184811530013,87.37988639953409,75.86763569317606,44.14643675292903,62.422534137038525,11.043050925044952,75.69673676361813,10.608554992532307,36.528538797652715,34.99473068727241,75.65975564216656,52.8656917721865,22.925715786141417,71.20353977882739,85.10550830820593,25.254786233937182,68.58347342452129,41.78287552991102,30.13558313116772,38.89399969185552,61.56043646959639,53.05096864217305,38.38956412873615,81.94584122706517,28.33245492354775,92.98610342924249,81.51316236767005,57.80450448237333,53.91985273640868,67.37666804078489,32.922419450909835,59.04404636062858,105.54223469469311,77.33651017290568,21.816046408549493,57.47205977524906,55.468566707585566,96.12419917956552,72.88911096864435,97.41559044509118,52.64596360018763,63.11542089968382,54.75482442354888,31.617712415803982,104.14092412099573,84.21357896637376,35.1018014274831,67.1019899788983,15.680946060208676,37.79557881136776,66.78169040610693,81.94207670795744,23.571089231563004
City_8,63.26201801932149,20.054594242409113,75.80753941987939,68.85579070221877,90.60557745766341,46.16027732038856,83.97679106164964,58.87317230590965,0.0,57.67247360320198,115.21344421821694,109.70763761572485,31.278895681273454,93.23919981508085,74.75223375916009,49.32011150128504,95.93548077132168,70.837472549578,35.99275037644367,61.568161747992534,75.17505740505953,76.1037014542294,30.669891884727107,59.24948456525144,75.18667800484248,84.74222198918665,68.26515311270823,54.456502484083764,76.70260043194138,90.598115502011,51.733326177226125,52.33635425717137,3.350371590159939,64.35266015175603,53.70053121366279,50.55635391408118,69.9577314449792,83.59780233777084,79.61886551286064,100.06205428396527,70.59934568965281,1.6367005701911184,90.36803497353964,23.70994642927618,78.16733085484688,55.178407525291,32.16759475633471,89.48609869195488,49.094446896709385,44.13211975630556,44.3049453258497,65.68506241025649,69.2832190438639,57.21863179941959,65.54377953592306,22.548983701241298,36.65611211313285,20.086405653191573,56.5250241132782,63.050822769568256,84.12447426103262,99.33534821910919,34.0673000009544,85.8421145274069,29.197855645071122,79.66750966267766,58.565558190094976,73.10481213857899,68.05174385699864,43.00420840224434,54.08553665233112,83.17396434868269,74.38916759973267,86.52506923676778,7.0174026323886745,92.51160205584127,38.04316658641501,67.28066197456404,60.39584534106984,88.5939223839668,64.33748903692515,78.08453898547496,88.21061690753034,27.980154408394117,74.09015623610904,98.5341385166488,90.78082059120645,44.91610576475241,83.09513720827998,95.0663290380654,82.05850830237034,77.60875984730632,69.34641113606239,87.00471226240252,9.879407139908986,52.62046673304114,26.067243351881192,60.41223420284767,73.58478135691993,35.30241222382387
City_9,11.634279159741348,61.47337070427682,31.789783530036885,74.52161319880109,37.30542448036893,32.22326853628889,45.151737843978744,67.69774213659048,57.67247360320198,0.0,68.6375470761923,63.931542522289284,32.47762297733019,42.7120873046659,26.93784910487625,17.12533777097963,51.85913577906319,15.190388880018748,58.51115965104525,42.25424043050032,46.46141608549356,49.246424190670716,27.32692231080108,1.8181080793250768,17.589650207638424,40.57381393821393,10.809904764124811,65.41687857982653,35.72169487952463,42.72074815420046,13.980142411591668,54.20736493728251,60.41626951526174,16.070951713081463,4.360082559766394,32.094118708034195,12.483538415348532,33.63966897963775,36.21381822842039,52.00851266189166,64.92591206392133,58.86786300435878,37.484435323988464,47.10034105671625,37.21465784569586,23.943234177187843,25.82495765612871,32.747029034905815,34.584326421734296,24.07801013534164,24.08341202985737,14.403447671246429,71.37893434303827,10.385880532800643,65.09281388972713,52.27900866817855,36.06938496646163,54.419475866959864,16.45508637286105,50.961151281707195,31.798635607189638,44.75379190612541,60.06889351720648,36.02048271127512,35.303241532898355,64.05498481246727,32.37690392563697,24.364409000763462,26.319038672603277,29.92512901191203,21.51866841583283,72.88596225436835,25.301873910051352,29.794474966392844,63.782200721378466,58.7978727087927,22.789816104628702,45.3897552525305,12.320470948115581,38.175499884110856,9.677167970087504,72.33642639384526,48.75975838237333,29.720841813110678,28.798706590074392,51.247126033358754,34.27083756163599,16.534471458543578,36.46711690521808,62.11819671604746,66.27933200833688,37.55443803665807,16.558299433490845,70.83806851639471,66.02258040318496,52.11483889527538,42.62858198113131,4.08263454072148,16.716477488695467,56.89601803015081
City_10,74.2775223104196,108.17918211902426,87.36571510900986,82.45109003964622,74.82507158478916,69.68764895969673,31.996154173859818,84.0266025017571,115.21344421821694,68.6375470761923,0.0,5.581179693273038,99.2137366282044,26.28311898633502,42.623818260410715,85.7209962747548,19.31839300497622,68.2259972286621,94.2367554498792,57.87112195963933,44.24618730702474,45.10667784928747,90.7659566060632,68.31009994294769,56.92928015391156,30.59129297041174,64.11895821203815,85.629155766907,92.0538092083075,87.05918449533462,65.92594206306113,76.26214517411411,116.79820664690175,78.16072562074179,72.60831386392654,65.35437073486158,63.29696369388591,80.4704989954063,35.75027011845842,16.629970239227482,68.24355052039549,115.7788168935607,32.6872346546764,113.07095749847174,37.04777530924399,91.11114964867497,85.99779712813385,44.13672849513372,102.90955797365613,92.68373378815738,71.05673610603218,54.7262073686834,77.82571525578228,77.4893985187468,74.07169729882284,98.54436094862594,79.47634429281894,119.39766351414785,60.35329486847119,62.38082489452735,37.26725844125255,30.7539688393584,97.19177024816298,32.61709977556576,86.06649548830002,56.05987644625546,57.25374997539884,44.95613541444092,47.62265189695862,72.36194279570626,89.05691889680243,63.506569638047836,79.46456527807571,45.67766404679784,119.11352417766253,30.4723291873308,89.88432585676264,53.27830895217197,58.90621702093657,81.09723132114613,70.71029383101664,69.03439603195608,28.076206922453256,90.54628617668479,84.88660377077204,17.507684947471024,63.88970907414022,72.65881717720048,33.133856223341326,30.55358433465087,55.79631850338583,93.81001323357579,73.16934691260772,55.485663131411286,124.99742763441587,74.18670322252942,90.56541986323586,64.5552830901475,64.50990858048418,93.27673694239934
City_11,70.05563163740871,102.59818628685647,83.91378016722163,77.51983668760995,72.28357378451335,64.12369142150084,26.417146411980102,78.81235420986657,109.70763761572485,63.931542522289284,5.581179693273038,0.0,94.12746354323728,22.202798598276335,37.58620837616834,81.0495732680558,13.777531474792587,64.32721327592738,88.69902028010046,52.33064085649743,38.778060147517394,39.72802935038382,85.52821476265801,63.68732713046425,53.00587976318775,25.199413315258266,59.933315089729064,80.32117216932848,88.63082654267696,84.41759238632415,60.69507418731776,70.8189556168148,111.27039826421414,74.06531975705518,67.82111819178643,59.78570177931801,59.202716812123064,77.46343562599158,30.355072368677803,12.243311731106852,63.24643714627709,110.2610476880182,28.94202360015978,107.88164495634338,31.542978552481593,86.73330742488153,80.6755104647255,41.106108016241066,98.35549336676779,87.91306424784426,65.59683131176573,49.85502582081252,72.88187291837305,73.01856734307843,68.9631845789006,92.96412694946733,73.91215054670116,114.1285915959367,55.09117579472648,56.9872071186729,32.99083383689389,28.497797556609427,91.64870998441764,27.992008938167892,80.54638845611895,51.28038778605956,51.682618400659514,39.98315382540695,42.2654170789358,66.82486237367729,84.61881181429459,59.05619174348583,75.92451799007306,42.369160478586466,113.56818838506906,25.641125341642326,84.8689526281532,47.79391281621834,53.87438128424639,78.38927110190805,66.46751237979718,64.37739497813723,22.518017555461626,85.21294939762615,81.34698814126588,12.700574620293917,61.37333058788121,67.37961366550815,28.004442896539025,26.085299141949886,51.156590891427854,90.42123718511407,69.27391141859823,51.165186886405806,119.50235004553917,68.72310549144102,85.00206260685466,59.85117329676589,60.70868406207374,87.7295599962174
City_12,34.31183846516239,44.16057471063264,44.60022568965153,79.16074069782722,60.3314887793063,40.62656155079328,71.53542244149514,69.8429623309546,31.278895681273454,32.47762297733019,99.2137366282044,94.12746354323728,0.0,74.14753175696195,56.590341534078995,19.20893812071095,81.03867189665536,42.485749285978336,51.235462799649106,57.18270663878697,67.5321416291144,69.56230775764364,10.78756025066039,33.5529983726244,49.463369317720215,69.30291815894222,41.598998195109985,66.05083625186846,45.42592472206754,59.43785358931402,33.78542096920105,58.36590199803632,34.58124475056741,34.37087831200067,28.118799557456153,43.88761752781026,43.20425160430421,52.80153671476042,64.30654018415274,82.78466497497767,74.96978310276984,32.84031735298453,69.53773233281838,14.647054600522733,64.12030550232187,23.92036245889035,17.051807823704166,65.08192221929049,19.32209385697927,12.998179972303419,33.29515179058915,44.801488843926414,77.71574168171503,28.303996456685226,72.2035133671589,38.779386314661295,35.75330067868735,22.172888331745384,39.459759799552984,62.945995210131564,63.57508669899362,77.19166677941243,51.10938090813609,67.01622881561684,28.0832106791132,79.53726724858818,49.711284609034315,54.29363464725259,52.54667514839788,36.43670445339919,22.973153117271245,86.17327098198476,43.780469145050844,62.15729721114237,38.27094346223275,83.4388179038219,9.69144286240644,62.38613240582844,40.32148665428319,57.75236181108426,36.26906809862519,83.10574130653508,75.67191383014551,14.4954164376179,43.0080708864703,81.71748000213344,61.97871890512388,27.74734207775248,66.12383787934074,86.55510916313962,82.0352418966872,46.354945745135986,39.98459554493761,87.13841378371527,37.14137150983697,57.309796084221006,32.78052826966218,36.229453159616654,45.85293519783203,49.78604082410018
City_13,47.997672330382116,89.34955879483445,61.85195469961406,75.53274065711281,51.48279447514028,50.236127600325766,20.709255162758463,73.95559482216568,93.23919981508085,42.7120873046659,26.28311898633502,22.202798598276335,74.14753175696195,0.0,18.492311791757366,59.68492228604,14.531492188519184,42.1248567936899,78.15001457856155,43.57913605068883,33.73291113869765,36.12531548574139,66.48943110202005,42.256462507951866,30.80357722623268,13.073595454754717,37.843220970237965,74.25035817585271,66.5820570550029,63.32503102341013,41.99141942660031,63.112860772761955,95.222737415135,51.92134806643591,46.81940963608068,46.35344522086084,37.052410830350425,55.86999382773021,16.322215045070237,9.977255541407036,61.47906952493609,94.01380204468332,6.978188845002198,88.37991096474428,19.38596303380562,64.84000824267758,62.34914421722344,20.030186609936614,76.72500597997806,66.78699598373822,49.171126520727995,29.347123251644785,71.01311522813084,51.26737586996282,65.74931502385216,79.38142124695253,59.66048503241955,95.10317389539985,36.80415973553258,51.03775350402491,11.016741619664094,12.010646210397939,80.8513778073566,7.403754303965647,64.80401563097625,52.3718371942467,38.940448967148946,20.312770323084916,25.707120768218765,51.895231055968246,62.80839315673376,61.794134203590225,53.81875729416985,20.719650034280775,97.92462602295507,31.1090113148339,64.61368452129976,41.04725780990239,34.053746017159845,57.23356717770147,44.427885988845865,65.31057580314997,20.146209860894704,66.92451705917532,59.23448432875343,10.061457767034849,40.79644001753326,48.91072386718171,11.278686594097744,33.682661681688295,53.30063951146895,68.39439761733324,47.07178212834392,55.399470590960945,102.75974153994343,60.7382061834436,70.41330030883395,38.648911607429106,38.51405219070597,76.90190319649783
City_14,35.14032962769908,71.50879783370505,52.77204296161412,64.62171635010395,48.292247839201785,32.766614929112755,19.345347659218483,61.053343970769134,74.75223375916009,26.93784910487625,42.623818260410715,37.58620837616834,56.590341534078995,18.492311791757366,0.0,43.97817198645542,24.977944776406666,31.806220089679634,61.60210380055415,30.188431364683368,25.905141703889505,28.901855228736014,48.36201418544698,27.02002460428257,21.95776088196258,13.662174697913445,25.909018432911285,60.5031748763435,57.409134000741986,58.429357637184616,23.637055626008248,48.80180381417315,76.75931458943803,39.66338529373383,30.53612068665354,29.29279673799635,25.878229650817012,49.66879449663324,9.76326089052893,26.25424959272249,51.70831027209056,75.53718418260347,16.47704452583524,70.52644188027527,11.826776446795094,50.6214805608799,43.97835977790121,22.63581819818746,61.50958039933013,50.56870699540081,30.796197766836897,12.546324661562213,60.4534690890436,36.77616693097878,54.52134541846744,61.51344244345974,41.80317397046474,77.02830852107623,18.33195239225678,38.996494243226486,10.67886677684835,26.11331857736972,64.12626238795933,11.090832616964233,46.45903386523786,45.94777609765242,22.91400279993002,2.5999874656405146,8.351109494207769,33.92596729429844,48.3003601614433,55.62600206981749,44.759176559115375,20.78163711770695,79.49845469843297,33.39699778064642,47.28467893277029,29.792503236911365,16.2909230462157,52.52240582227608,31.616396687542466,57.35673318097412,22.393177386050134,48.55697209051347,49.82125513465918,25.128993204083237,39.43850305846842,30.527489370364336,9.642177413913746,36.692704651762625,47.624892573085006,59.31442013475732,36.347635299843276,51.185941915518946,84.26776184953319,46.37229264968088,52.31157554974955,22.944005567747276,29.29289115774575,60.23927855284501
City_15,15.28260819321626,58.5253573846542,27.423411835717978,83.04558779399613,41.36444860869986,40.47467636849818,61.664461773756436,74.88437534181232,49.32011150128504,17.12533777097963,85.7209962747548,81.0495732680558,19.20893812071095,59.68492228604,43.97817198645542,0.0,68.94070193458589,23.562221308190313,60.72202463489688,54.37427889375404,61.262225250131394,63.82744564164336,19.93657299667491,17.42946937520278,31.83578364066015,57.55821300717671,23.729445485955907,71.81295555257641,29.468413846967472,41.7899054793346,25.765706881329805,61.873856332828936,52.48375956602046,15.206720016750596,13.507911158405498,42.07010224754028,25.18453678597276,34.32722493025095,53.04521732095265,69.0914448343225,75.65107421376858,50.77723620034326,54.17074408894533,33.296505612476,53.768636466862176,9.524455509548691,22.697185116481158,47.68624901991509,17.585877018727487,7.494960502101799,31.58734214118968,31.43458045320804,80.60555176864658,9.528727233537216,74.51135440393679,50.94347787435665,40.18564369706901,41.06164858360034,30.539370021079556,62.12236151541603,48.70410867533117,60.74339577174626,61.485419134661846,53.11121457796382,35.623634900584435,77.05846305948792,45.062514702964876,41.42556193247468,42.43778269725732,36.887061245092625,7.062908776853522,85.15802843571775,25.076010816973543,44.87558843929039,56.12716249397117,74.9722770982428,11.369478693280817,58.531541584109654,28.46496885472799,39.335275868386574,17.685145043108626,83.54004366988151,65.43700401716212,24.290883371229743,25.269422584957255,68.35999270669157,42.798850240810964,23.17754889956654,53.55468899416119,78.26472077105977,79.43461500535808,30.84513249408807,20.78671346016133,84.28423603465372,56.07085521360991,60.18272543118786,42.466675690389934,21.20098212752948,27.151931808320768,59.117046986144715
City_16,59.16187892071208,89.00123062265243,74.82961430730883,67.03871030452873,65.73537749524571,50.378363357561796,13.063491003666408,67.20216985199353,95.93548077132168,51.85913577906319,19.31839300497622,13.777531474792587,81.03867189665536,14.531492188519184,24.977944776406666,68.94070193458589,0.0,54.365955556892345,75.5154743160726,39.22298046740596,26.321131894338517,27.811827632251322,72.14976897274065,51.830158462989104,43.22954740243939,11.740311915478133,49.28214010266799,68.30310998944952,79.5670729611613,77.39478023905873,47.38200654801327,58.21126088473427,97.49287067876521,63.45061336250072,55.51366489013143,46.055182498225996,48.81188228760337,69.61192642283632,16.81885885228351,8.489168490747645,52.677998221548044,96.48467177067573,21.22538110810944,94.5702103766289,17.782278565604063,75.30172617742603,67.14695605080581,34.41805007841373,86.44327887947743,75.53824579984605,51.868258160509825,37.50840552238573,62.400786736777526,61.45898944733887,57.870770255936975,79.30983845527108,60.16672761877359,100.6674368951121,41.72960363287717,44.724165601052796,23.067034375481374,25.412867079985375,78.42663807370243,17.27433593713219,66.76978572505692,41.83693908901923,37.964159040515426,27.516126057164225,28.746744170488178,53.048498460351745,73.05362720524484,50.64913844089659,66.71855799274867,34.796256188944284,99.79611426598291,17.767432040837488,71.95180735253962,35.10429511231319,41.06484682422528,71.29332739044753,55.564513153471665,55.09980269833502,9.73481212055347,71.66127301587585,72.0700748588763,6.548512116197333,55.17064755775496,53.95002907941555,15.392253850860811,19.851073793209707,42.26753705792868,81.42508287350748,59.24071414335911,43.47204795973379,105.735704833977,56.01735141144225,71.25412183140975,47.82466081014789,51.07974523836998,74.48450261722917
City_17,8.29521546282524,76.27670792444276,20.96582542354506,88.25197414261596,22.13504222402259,46.814047973504096,51.138088191545435,81.9944485452468,70.837472549578,15.190388880018748,68.2259972286621,64.32721327592738,42.485749285978336,42.1248567936899,31.806220089679634,23.562221308190313,54.365955556892345,0.0,73.68928037073115,54.66531036150994,55.960110966939915,58.930671397356186,40.17711945419157,13.375521225691179,11.321333530878794,44.627586543025345,6.398133577189711,79.96399964936722,25.61454196511685,28.68030351192679,28.48637619762272,68.51425543684515,73.78110664653504,10.472805699229731,17.9443732667522,46.11306776361498,5.958808808558086,19.466221254274878,41.50926071330719,52.09116375128764,77.65973877608317,72.15404920441867,35.538914381682204,56.82127792013965,43.56982200786541,24.697934179385577,39.97667238774681,25.928456446970948,37.39929513457631,30.891683928011417,39.06589881243513,21.905517647512877,84.828753063907,14.183339306016661,78.53757237882986,67.27202654640361,51.22842446349631,64.55110301023137,29.316159777487606,63.7325278503419,31.538630215379115,39.92970824669068,75.25927606076189,37.12972517969104,50.34786490677478,75.05990244332054,44.85200539910214,29.38787041041106,34.94600100839209,44.85310982248059,23.351358939890197,84.36413721227251,12.99155669305756,23.496192865286705,77.28528546900257,65.18911272653959,33.47212993262685,56.838042164453164,23.45997741351993,23.56457932594064,6.504012831011729,84.63394611614117,53.96066048437235,43.38065861955381,18.02459564453257,51.917174562180875,19.9456222543764,31.724615978552894,39.79225175164281,68.47368092807123,77.08600930438251,27.51699104105458,4.947451999711978,81.24855952690773,78.49581302725177,66.32176274369924,57.689746708011285,15.229806583987102,3.9849130783634825,72.07601375239557
City_18,68.81922583814337,18.024939526935505,87.25158666747966,32.8954145840215,95.81622938095062,29.246643778311675,62.46215766177252,22.94936448626159,35.99275037644367,58.51115965104525,94.2367554498792,88.69902028010046,51.235462799649106,78.15001457856155,61.60210380055415,60.72202463489688,75.5154743160726,73.68928037073115,0.0,36.36854424676037,50.179928586657276,49.87786436847775,42.57826515052745,60.32025656967264,72.51945207079676,66.4491508924914,68.55674799622263,18.522759159459596,89.94451091181968,100.32119952783857,45.88479843121187,19.642997469579633,35.0345843529704,72.07573626876972,56.4257677124742,32.32236185282019,70.03860910267404,91.58439927895562,62.05381084764515,81.92385942133623,36.55587858152876,35.28341918477375,77.95069116435378,53.39559802162221,59.41988076174702,69.75134248213395,38.16488819795794,82.3996206085809,70.07320418175377,59.78762886434274,34.98775152053982,58.267565049526766,33.635920511735804,64.10649792816368,30.699923569700232,14.05940676855767,22.488340835462036,53.54188888396578,47.50213987965701,33.31154612726105,72.2756446203759,87.62357062974553,3.042456297973337,71.47318010005529,25.101953902607836,47.66564338293042,39.2234966692785,61.13645834648038,53.30576091996232,29.59416454553881,67.59192524037377,49.07160888444554,82.5827749273213,79.80005150293553,34.91990152636958,66.51987026785068,51.18412435114185,41.14618483219255,53.585852098728,96.34918303413735,67.94899325542633,43.29183596608119,66.19224490866362,37.880751279678854,84.64282115517807,80.01732780505931,91.8085805573646,41.992674459896506,66.88187686470452,68.3052800419216,49.78407852837328,91.43513299596454,74.64827318635253,54.27992330665875,44.164798179556804,21.050052106819958,18.67675116875013,58.977717974857875,74.73168555230653,1.6274957726000634
City_19,53.7989594853583,51.01445601198974,73.91285407006727,34.698338688174324,75.12670411362802,16.88673375328716,26.16001153744777,30.945246928149118,61.568161747992534,42.25424043050032,57.87112195963933,52.33064085649743,57.18270663878697,43.57913605068883,30.188431364683368,54.37427889375404,39.22298046740596,54.66531036150994,36.36854424676037,0.0,14.125771435057786,14.587026734300787,46.46434713084008,43.58069045755956,48.417814722506556,30.99229865519963,48.31933591287615,30.77531555447672,77.95908894166884,83.32534920700829,29.061122093907017,19.54675556709299,62.38979644162179,58.319715279613106,43.057620311203046,13.29517877179326,49.195266226731256,74.12024498201035,27.28393857009575,46.0032346987895,23.00069660452514,61.732849795793584,44.95542620453564,67.39419052437178,24.21201929606036,63.56909448827723,40.23633737715739,52.81122689321024,70.3478539880698,58.010796698247134,24.074819270916723,33.3737757853256,30.76843790966783,51.94989404625566,24.624110381809288,41.8888896280734,25.15058530412668,71.5545778593984,25.849459760875295,9.188714405057004,40.258295396127465,54.359084980519334,39.3207760033825,37.79758749455671,33.53966379065868,22.785382912721055,9.901720814545854,30.878565941569818,22.42166716593494,21.014890173500444,60.974789517304444,30.86549753645917,66.88044877526735,50.82797245646235,64.03088682439218,31.286787141964385,50.86952173917029,5.727773299561518,31.239075474853784,77.97966298819411,51.222539819171125,30.11396218032896,29.825662779316513,43.756241295793146,70.88814363766444,44.03393443628349,67.85429100971609,31.520290752500646,32.47956636876938,33.627699302347715,25.22175267177669,79.80135907640577,57.81460440215091,30.22024529757581,71.39272919537207,17.19601885601879,35.52702081830656,40.13855245055641,53.79968064505303,35.410236807404715
City_20,57.17948019540148,65.14012451190203,76.54726156934423,41.82483160103527,74.08109791801195,29.33989454759207,13.700207056647947,41.01567388938459,75.17505740505953,46.46141608549356,44.24618730702474,38.778060147517394,67.5321416291144,33.73291113869765,25.905141703889505,61.262225250131394,26.321131894338517,55.960110966939915,50.179928586657276,14.125771435057786,0.0,3.0115097290200725,57.16458366732945,47.35615040435588,47.38132689285166,20.672551163240065,49.62759002593093,41.98724103027056,80.96875769937493,83.78110235443175,35.62972885596305,32.05162422697457,76.16025340693912,61.860254793460456,48.48063883506019,25.082113215008622,50.05810365253631,74.80125184203467,18.862083656011954,33.92158907733725,27.754584586202323,75.42626100974354,36.927475195062186,79.03040098264607,15.520959947093347,69.77070208152487,51.1741487213619,47.36980541304474,78.31115538447445,66.13054826607174,34.47977262169579,34.144168116921335,37.286377731920254,56.80238580699012,32.15977104579075,55.97743680059478,38.52927093667158,83.830228881574,30.754102700016205,18.40337974328586,33.72797757845631,45.46925404734225,53.17358901545686,29.601815149768242,46.521990162053825,20.09146382404542,17.92259079311547,27.676652352150025,21.018993594131388,33.08490734344465,67.20847311130338,29.797335561623427,68.86141522086521,46.04466722821572,77.9337437953266,17.342592330278897,60.03996526639456,9.051034583829077,34.20673515154517,78.00458146540943,54.05015921119079,32.146389804886084,16.605793045275107,55.16844839487583,73.51385471964628,31.87428577098987,65.33673302364406,40.174876646361305,23.873318846644096,19.944473292422373,21.719766653383235,82.86946460840113,59.94482781547302,25.424239008087607,85.0398927103209,29.94518796869295,49.268180541551494,43.359199949859345,54.127645055101176,49.30900700118635
